+0
1.0000E-2
-1.0000E-2
2.0001E+2
-2.0001E+2
4.0001E+2
-4.0001E+2
6.0001E+2
-6.0001E+2
8.0001E+2
-8.0001E+2
1.0000E+3
-1.0000E+3
1.2000E+3
-1.2000E+3
1.4000E+3
-1.4000E+3
1.6000E+3
-1.6000E+3
1.8000E+3
-1.8000E+3
2.0000E+3
-2.0000E+3
2.2000E+3
-2.2000E+3
2.4000E+3
-2.4000E+3
2.6000E+3
-2.6000E+3
2.8000E+3
-2.8000E+3
3.0000E+3
-3.0000E+3
3.2000E+3
-3.2000E+3
3.4000E+3
-3.4000E+3
3.6000E+3
-3.6000E+3
3.8000E+3
-3.8000E+3
4.0000E+3
-4.0000E+3
4.2000E+3
-4.2000E+3
4.4000E+3
-4.4000E+3
4.6000E+3
-4.6000E+3
4.8000E+3
-4.8000E+3
5.0000E+3
-5.0000E+3
