2.678790E+2
2.678680E+2
2.678660E+2
2.680800E+2
2.680790E+2
2.682560E+2
2.682540E+2
2.683850E+2
2.683840E+2
2.684810E+2
2.684820E+2
2.685670E+2
2.685630E+2
2.686390E+2
2.686380E+2
2.687070E+2
2.687000E+2
2.687680E+2
2.687640E+2
2.688200E+2
2.688130E+2
2.688780E+2
2.688740E+2
2.689310E+2
2.689260E+2
2.689780E+2
2.689710E+2
2.690290E+2
2.690250E+2
2.690760E+2
2.690700E+2
2.691250E+2
2.691130E+2
2.691700E+2
2.691660E+2
2.692150E+2
2.692070E+2
2.692600E+2
2.692550E+2
2.693070E+2
2.693030E+2
2.693540E+2
2.693440E+2
2.694000E+2
2.693910E+2
2.694500E+2
2.694400E+2
2.694960E+2
2.694870E+2
2.695430E+2
2.695310E+2
2.695920E+2
2.695800E+2
